% Spacecraft       : Galileo
% Simulation start : 1989-10-19 02:00
% Simulation end   : 2017-09-06 00:00
% JED = Julian Ephemeris Date
% semi-major axis [au]
% eccentricity [-]
% inclination [degrees]
% argument of perihelion [degrees]
% longitude of ascending node [degrees]
% time of perihelion passage [JED]
% mean motion [degrees/day]
% datetime_jd a e incl w Omega Tp_jd n
%
% Generated via AstroQuery-python interface (JPL HORIZONS database)  
%
207
2447818.583333333023	0.778887560118	0.280053210135	7.421009602244	184.294081112325	25.707902522928	2447698.041586788837	1.433811048019
2447819.500000000000	0.824596834043	0.208941687079	4.632657265696	184.921982631554	25.574764508622	2447687.169865624979	1.316259683810
2447841.916666666977	0.832349474326	0.197769201237	4.329024002363	184.760855887424	25.342532554034	2447962.147621884011	1.297912782223
2447842.500000000000	0.832373576646	0.197800527898	4.328466883460	184.720944215277	25.339617321516	2447962.104462962132	1.297856408828
2447883.500000000000	0.832638400509	0.197417703971	4.317818904324	184.780695195877	25.238811739535	2447962.133508944884	1.297237275690
2447932.500000000000	0.842406876222	0.209606400282	4.409859189489	186.161385524724	23.661938811017	2447961.789771546144	1.274738841860
2447933.500000000000	0.999514791364	0.301429543578	3.380418834665	107.286600149871	76.404764351243	2447947.937496391125	0.986325441948
2447934.500000000000	0.994849466724	0.297932800043	3.381004264891	107.179295946742	76.463982904399	2447947.934624576941	0.993271596653
2447994.500000000000	0.989104139150	0.294469466143	3.382365985529	106.817772698209	76.479286939576	2447947.765756153967	1.001938454006
2448024.500000000000	0.988457113379	0.294572461250	3.390234130134	106.592867393866	76.579014502864	2447947.717718434986	1.002922390591
2448090.500000000000	0.988423609635	0.294601948017	3.390107431559	106.577499503070	76.587775400175	2447947.716081039980	1.002973383817
2448174.500000000000	0.988402095784	0.294643959321	3.389869122676	106.575288201045	76.587949665941	2448306.638511118013	1.003006130517
2448209.500000000000	0.988414878916	0.294705175635	3.388800548390	106.564037090721	76.593808046356	2448306.626434287056	1.002986672820
2448224.500000000000	0.988395679435	0.294818593441	3.390224541966	106.574674752296	76.588146448784	2448306.616180445999	1.003015897325
2448233.500000000000	0.988810427156	0.296690999231	3.413705422804	106.613572230351	76.573090960362	2448306.463272347115	1.002384904385
2448234.500000000000	1.634466679191	0.448290922282	4.685539806132	223.312853414132	256.657609554976	2448267.598667051177	0.471671859943
2448235.500000000000	1.593797847042	0.432590560119	4.558985219839	223.155614896250	256.647072153088	2448267.725697890855	0.489839970364
2448245.500000000000	1.588639528955	0.430540757291	4.543657219346	223.125224792334	256.645026243551	2448267.732667655218	0.492227674103
2448336.500000000000	1.587559840818	0.430212486966	4.540785077553	223.077867946402	256.662905271033	2448267.712786469143	0.492729900270
2448440.500000000000	1.587244346028	0.430305479726	4.545804753086	223.061658256564	256.655666329191	2448267.718926433939	0.492876816630
2448539.500000000000	1.587267837741	0.430288470308	4.546675166903	223.059229585941	256.660419209208	2448267.717734660953	0.492865874736
2448554.500000000000	1.587281366376	0.430279335848	4.545565133876	223.066749643526	256.653736812924	2448267.716396328993	0.492859573595
2448839.500000000000	1.587991326091	0.429977653505	4.544012267851	222.938782233841	256.735468859742	2448998.218278921209	0.492529088796
2448840.500000000000	1.588608355265	0.429789796111	4.543112593547	222.794052525467	256.826365987059	2448998.216042792890	0.492242162849
2448844.500000000000	1.589484413908	0.429547025442	4.541823373524	222.594358646321	256.950199449368	2448998.208617671859	0.491835263379
2448905.500000000000	1.589452812151	0.429540140013	4.541931773077	222.599246268845	256.947334649904	2448998.210909065790	0.491849931574
2448940.500000000000	1.589591858360	0.429596886152	4.542603050252	222.603316606750	256.940639396891	2448998.205969744828	0.491785397676
2448955.500000000000	1.590073173211	0.429781747725	4.544475128185	222.605426582627	256.933437157125	2448998.197721512988	0.491562119553
2448964.500000000000	1.601189244919	0.434145543154	4.584818209446	222.633483799333	256.914805482359	2448998.131759520154	0.486452094234
2448965.500000000000	3.262839520017	0.698900222017	1.541235041071	186.245580531778	256.867560466788	2448969.851199064869	0.167228580388
2448966.500000000000	3.165510405588	0.689635438007	1.525767694963	186.242242313821	256.858462129395	2448969.852909686044	0.175000164009
2449088.500000000000	3.129651717331	0.686040475203	1.520196098240	186.278158804597	256.821517303690	2448969.845814646222	0.178016418442
2449265.500000000000	3.133095486629	0.686152421883	1.522041482997	186.422711524866	256.727957161522	2448969.897783454973	0.177722996654
2449266.500000000000	3.135604485490	0.685991786594	1.520589382480	186.439380031964	256.771995762907	2448969.881736653857	0.177509727927
2449269.500000000000	3.143224233058	0.685500134354	1.516200856237	186.491124768853	256.904598773542	2448969.832314182073	0.176864645444
2449399.500000000000	3.142821967074	0.686060459020	1.522089162065	186.585393535174	256.772637489365	2448970.070577817038	0.176898603257
2449777.500000000000	3.130154737728	0.692772086696	1.592714329760	186.774117133800	256.311629966937	2448974.290259968024	0.177973508922
2449820.500000000000	3.126154023605	0.694892627535	1.615527431414	186.750673413931	256.288204234952	2448975.835168646183	0.178315262181
2449908.500000000000	3.111916650750	0.702568427703	1.697826871715	186.567782843712	256.365464448228	2448981.807724860031	0.179540379708
2449926.500000000000	3.102719840524	0.706994633408	1.725855922206	186.278256337722	256.424264618378	2448981.443056060001	0.180339237742
2449959.500000000000	3.090065858259	0.713970468517	1.803858934863	186.038780545086	256.629588946269	2448987.176836470142	0.181448119041
2450039.500000000000	-0.027216798363	1.071523227287	5.116653443184	89.707887337282	59.796730452807	2450059.414366906043	6.782002206518
2450046.500000000000	-0.027191394313	1.071425665802	5.114753447681	89.654763163383	59.871031193096	2450059.410516670905	6.791508737720
2450052.500000000000	-0.027179239017	1.071397322024	5.116485157718	89.702161810247	59.830603557480	2450059.410004835110	6.796065268588
2450058.500000000000	-0.027154087513	1.071520698230	5.120471641958	89.722963935449	59.784453790794	2450059.409834465012	6.805509749343
2450059.500000000000	-0.039383033634	1.048555659185	5.362065060127	90.766152562896	60.502136262916	2450059.413096105214	3.896276157836
2450059.583333333023	0.066552335524	0.971578504372	5.326008625535	88.175000060028	60.769592598377	2450059.406370982993	1.773652475073
2450059.666666666977	0.066215734454	0.971431566274	5.326784260532	88.180057472002	60.767345442682	2450059.406357467175	1.787193925586
2450059.750000000000	0.066055420704	0.971360749611	5.327045239953	88.180990648751	60.767269383895	2450059.406344410963	1.793704039149
2450060.500000000000	0.065570812737	0.971148257106	5.327293034385	88.171706315844	60.769089048780	2450059.406232076231	1.813625570961
2450061.500000000000	0.065655796022	0.971194662111	5.327138622565	88.170107725120	60.765288090103	2450059.406416802201	1.810105440587
2450104.500000000000	0.065576036984	0.972269738092	5.308803547511	88.806531941892	59.913694068177	2450059.440957997926	1.813408846061
2450157.333333333023	0.067754880716	0.908774108424	5.384454783828	79.821550785303	68.877371400432	2450054.592798742931	1.726643201247
2450157.500000000000	0.067758708106	0.908662877105	5.384297896397	79.828631373382	68.868318135637	2450054.573326581158	1.726496907683
2450207.500000000000	0.067544193175	0.914869589139	5.376638373148	80.913279083741	67.916302928997	2450262.582224404905	1.734728257769
2450247.500000000000	0.067542193928	0.917468507351	5.381517938505	81.547634785773	67.509887365249	2450262.452864417806	1.734805280204
2450259.500000000000	0.067715977321	0.917623897395	5.381543390762	81.546037448633	67.484484842661	2450262.452555335127	1.728131371366
2450261.500000000000	0.068483785937	0.918553053899	5.384863149498	81.532709330548	67.485541686403	2450262.451960748993	1.699150465509
2450262.500000000000	0.033310843370	0.841747517061	4.143743187733	96.983520546147	59.458401777813	2450262.522528906818	5.008815536747
2450263.500000000000	0.033313134285	0.841700667457	4.145992167737	97.113059995624	59.392953766781	2450262.522968851030	5.008298867798
2450296.500000000000	0.033194037802	0.842724225110	4.144108324892	97.216046440378	59.198196299444	2450262.546402064152	5.035276851662
2450301.500000000000	0.033202079223	0.842268481051	4.168167983730	99.094085391298	57.332303870369	2450334.083096418995	5.033447674340
2450302.500000000000	0.033203060146	0.842138989747	4.169255245243	99.170536762357	57.262663193499	2450334.095438588876	5.033224620179
2450323.500000000000	0.033181061230	0.843302965483	4.173389721146	99.281628817486	57.180113510369	2450334.055736477952	5.038230962463
2450326.500000000000	0.033219577191	0.843554884988	4.170160520559	99.213348312372	57.234549623131	2450334.050892571919	5.029471246132
2450332.500000000000	0.033237053374	0.843645968219	4.172893076750	99.251582705458	57.199587108248	2450334.051816938911	5.025504991821
2450333.500000000000	0.029681571496	0.828458572558	2.278460508682	166.988258145915	351.653913944732	2450334.068310420029	5.955018896868
2450336.500000000000	0.029495709937	0.827187688915	2.278980955147	167.129328230103	351.621143810544	2450334.068815696985	6.011394087772
2450337.500000000000	0.029560809584	0.827496168702	2.279155814535	167.181511827548	351.606611286292	2450334.069504234008	5.991547332681
2450365.500000000000	0.029514802413	0.828886129770	2.289522797020	167.246627460053	351.495495241741	2450394.055554120801	6.005562073447
2450366.500000000000	0.029522075137	0.828426855607	2.290128225143	167.250528870852	351.492494213960	2450394.070269573014	6.003343016724
2450384.500000000000	0.029509808957	0.829525255834	2.294341771326	167.273849379628	351.489065244716	2450394.040377081838	6.007086470703
2450391.500000000000	0.029558740083	0.829812117124	2.294550138280	167.251394001059	351.492028308957	2450394.039256467018	5.992176574703
2450392.500000000000	0.023052285037	0.809143874103	1.970367718955	200.315319047694	326.520293475773	2450394.063772419002	8.700465897726
2450393.500000000000	0.023066400959	0.809221455006	1.970314478742	200.298782655673	326.525315831841	2450394.063849756029	8.692480497125
2450398.500000000000	0.023502728593	0.812589648098	1.992962045992	200.815862795311	326.274808126315	2450394.065203907900	8.451543913076
2450414.500000000000	0.023495988442	0.813155300270	1.997251538054	200.763974175923	326.307999550324	2450394.072081470862	8.455180838230
2450433.500000000000	0.023497107635	0.813670111177	1.998234961597	200.759591755147	326.323913606180	2450436.641387500800	8.454576750935
2450436.500000000000	0.023649510622	0.814903773866	1.998440912847	200.729605829288	326.353988936128	2450436.640972645022	8.372983646327
2450437.500000000000	0.019404794671	0.776658757304	1.963600947805	197.818543837101	325.467287016322	2450436.612639135215	11.265485241620
2450441.500000000000	0.019382765724	0.776413464305	1.962383062677	197.812425839622	325.454694405495	2450436.612468624022	11.284695911329
2450461.500000000000	0.019385710543	0.776953787476	1.963253748465	197.822143831820	325.462770264801	2450468.520644517150	11.282124677818
2450468.500000000000	0.019724233995	0.780806855600	1.962443692202	197.740732734109	325.464060694454	2450468.519636192825	10.992924908577
2450469.500000000000	0.019364798149	0.776779561445	1.961005379819	197.493836021849	325.445680797963	2450468.517509712838	11.300405265070
2450486.500000000000	0.019373241166	0.777232003451	1.975674791597	197.366351026070	325.621181679330	2450500.408560339827	11.293018857013
2450492.500000000000	0.019377522788	0.777390580118	1.975541354723	197.358299086632	325.610099842059	2450500.400526615791	11.289276136233
2450499.500000000000	0.019395765247	0.777707162373	1.975517327152	197.355017221876	325.610389259270	2450500.400101722218	11.273352887735
2450500.500000000000	0.023629608245	0.815565966192	1.501933346135	190.760903099141	328.380205488866	2450500.371723696124	8.383564272171
2450503.500000000000	0.023473428781	0.814640557137	1.499042089959	190.486945024304	328.569538904389	2450500.371193379164	8.467372825506
2450521.500000000000	0.023481688138	0.815145561204	1.533047063869	190.277962890671	328.803674368007	2450500.387288601138	8.462905797645
2450522.500000000000	0.023505117192	0.813346267644	1.882026686182	188.351946006996	330.749832305830	2450542.971129822079	8.450255672025
2450536.500000000000	0.023488726816	0.813992895897	1.882146103299	188.375757261590	330.753249089252	2450542.960983078927	8.459102066508
2450543.500000000000	0.022915179522	0.809710061571	1.886817903440	188.758920992648	330.723865601254	2450542.961583045777	8.778667186932
2450544.500000000000	0.020280280824	0.790774328683	2.510630466055	143.244748570872	13.382196975864	2450542.942465040833	10.543930480600
2450545.500000000000	0.020251442503	0.790507399442	2.510618841470	143.215518274101	13.388104438021	2450542.941944268066	10.566460540322
2450568.500000000000	0.020256972330	0.790944983382	2.516065837664	143.327087964338	13.280986143191	2450577.028079153039	10.562134125627
2450575.500000000000	0.019973285798	0.790697299814	2.818462453242	141.320044897824	15.915134660759	2450577.026354985777	10.787956979546
2450576.500000000000	0.026221567536	0.830970213923	2.318930030600	163.045834886574	348.144224442747	2450576.987926451955	7.171755990329
2450577.500000000000	0.026152517877	0.830522339425	2.319168285167	163.071572697549	348.141001858318	2450576.988122540992	7.200177767969
2450580.500000000000	0.026160292834	0.830356011282	2.319203542871	163.129738042760	348.134012312635	2450576.987347344868	7.196968118418
2450617.500000000000	0.026143993011	0.831178470456	2.324601197662	163.222106863902	348.085394219761	2450627.033179759979	7.203699736837
2450624.500000000000	0.026159573935	0.831491345351	2.323942635759	163.251560535473	348.065464877235	2450627.030243556015	7.197264793533
2450625.500000000000	0.037926780815	0.863869923773	2.189796273558	157.530091474863	344.004737704723	2450626.992480578832	4.122821268130
2450626.500000000000	0.036883627704	0.860444075943	2.189794191770	157.873908306808	344.006250294025	2450626.995306666009	4.298956354641
2450701.500000000000	0.036671849381	0.860418014978	2.193548574239	158.210327605180	343.973096363854	2450710.435149494093	4.336249493686
2450708.500000000000	0.038274697297	0.867867126080	2.190503134553	158.562547095008	343.871957288431	2450710.421225727070	4.066734625268
2450709.500000000000	0.025843530857	0.830430046669	1.977856795495	176.582854085931	335.031050834279	2450710.465992414858	7.329691695677
2450710.500000000000	0.025906419788	0.830838350293	1.977799129996	176.591112744029	335.033443301823	2450710.466024592053	7.303018194698
2450752.500000000000	0.025798827239	0.832421137184	1.763659711106	176.921430690577	334.824533491365	2450759.517196503002	7.348751029387
2450758.500000000000	0.025795411207	0.832664807150	1.763457265206	176.971939736872	334.820052962890	2450759.515636994038	7.350210847259
2450759.500000000000	0.022427818872	0.808819384048	2.146732403593	183.838296067880	330.004402396610	2450759.529908847064	9.066359179510
2450760.500000000000	0.022269095775	0.807409966337	2.146771601294	183.849747535503	330.003338527505	2450759.529803912155	9.163462477301
2450791.500000000000	0.022250161843	0.807302262664	2.129305199724	183.871877958192	330.019735199199	2450798.765073571820	9.175161534406
2450798.500000000000	0.020666923867	0.796536081340	2.118982681008	183.989807949439	331.701061048286	2450798.774935252964	10.249430173036
2450799.500000000000	0.028484556713	0.849815569138	1.902300993828	193.459374108057	326.689625417702	2450798.805831423029	6.334309545155
2450800.500000000000	0.028410600818	0.849448627793	1.902284799082	193.438780858613	326.690102207052	2450798.805608063005	6.359058983095
2450847.500000000000	0.028391907868	0.849847163880	1.888566484998	193.632234583397	326.595162713158	2450855.456473234110	6.365340128524
2450854.500000000000	0.028395093348	0.850067319647	1.888069405814	193.670057106972	326.581640894371	2450855.455333218910	6.364269022714
2450855.500000000000	0.025023486414	0.830888085706	1.794939594946	194.312406869282	327.431719490966	2450855.465492540970	7.692929519203
2450856.500000000000	0.024872614334	0.829821610201	1.794945389774	194.325350243098	327.433249273193	2450855.465366433840	7.763031110820
2450893.500000000000	0.024850129691	0.829902097505	1.783730877490	194.470323368098	327.361738506432	2450901.834812702145	7.773569594424
2450900.500000000000	0.024841640048	0.830007303095	1.783208402315	194.531591386533	327.328254262979	2450901.833602983039	7.777554867214
2450901.500000000000	0.024928410971	0.830594644160	1.783128647518	194.514971449506	327.333269645037	2450901.833403647877	7.736982004034
2450902.500000000000	0.030615144605	0.860775671740	1.931243350648	192.401097926788	331.799761520570	2450901.849502697121	5.684719075888
2450957.500000000000	0.030700712196	0.861045367278	1.904892935469	192.753867128667	331.697057387461	2450965.597064530011	5.660969368401
2450964.500000000000	0.030718439484	0.861265299808	1.904462492789	192.785340991547	331.681840022932	2450965.595808440819	5.656069746659
2450965.500000000000	0.026343068188	0.839451973956	2.098187036467	196.258993310859	330.031013297268	2450965.608106649015	7.122196414944
2450966.500000000000	0.026123103637	0.838053026788	2.098160230597	196.294835522183	330.033014761237	2450965.608249837998	7.212342135720
2451008.500000000000	0.026085999866	0.837865178296	2.082307960981	196.524287418773	329.919954809987	2451015.514408701099	7.227735463201
2451015.500000000000	0.026288456455	0.839092701889	2.082222028757	196.516941071523	329.916160255268	2451015.513217809144	7.144401451731
2451016.500000000000	0.031892201157	0.866207439127	1.817350968768	207.654371991922	320.900078025707	2451015.527677605860	5.346711346315
2451017.500000000000	0.031841334582	0.865870635254	1.816864154204	207.666289251224	320.925039746861	2451015.527232152876	5.359528529662
2451075.500000000000	0.031824104506	0.865485083389	1.777747337956	208.464436337700	320.284000381111	2451082.846577520948	5.363881719786
2451082.500000000000	0.031995845606	0.866368060513	1.776918074564	208.510561077497	320.265508502969	2451082.844907559920	5.320752916905
2451083.500000000000	0.028513307283	0.850660037460	1.342138905163	210.355352949069	319.515387185913	2451082.852302548941	6.324731433656
2451084.500000000000	0.028510314778	0.850595086543	1.342068754044	210.363456917906	319.523473803772	2451082.852219705004	6.325727246277
2451132.500000000000	0.028488516958	0.849800400948	1.314308735115	211.155370556632	318.844061822402	2451139.815520284232	6.332988773870
2451139.500000000000	0.028544330157	0.850279336702	1.313453565171	211.210156813995	318.811556184279	2451139.813891004771	6.314423360818
2451140.500000000000	0.032977307968	0.869733021762	1.705185951961	196.369023202247	335.161903083589	2451139.824063752778	5.084996758290
2451141.500000000000	0.032904736044	0.869434478536	1.705193065947	196.365232842651	335.161950021183	2451139.823821289930	5.101828593443
2451203.500000000000	0.032933179396	0.868257737474	1.660818478476	197.023110081096	334.700354576678	2451210.727921448182	5.095220587345
2451210.500000000000	0.033296844049	0.869899846816	1.660416663110	197.090517354212	334.676994567826	2451210.726200724021	5.011974727508
2451211.500000000000	0.039056391844	0.888526369537	2.233799114667	195.263797947605	334.326058205293	2451210.710471352097	3.945257022610
2451212.500000000000	0.038908779230	0.888130224072	2.233814985855	195.239688863777	334.325058083806	2451210.710175288841	3.967729651508
2451296.500000000000	0.038981968688	0.885104365621	2.133639902599	196.342834238228	333.535661938559	2451302.209456671029	3.956560655620
2451303.500000000000	0.039104242460	0.885422249428	2.133332447843	196.419712340725	333.521841566852	2451302.209476373158	3.938017710449
2451304.500000000000	0.029375669391	0.865050661504	2.025064356035	185.616906131226	337.614555617097	2451302.194605689961	6.048279088698
2451305.500000000000	0.029363356058	0.864965102365	2.025035284688	185.617251723716	337.615562978684	2451302.194312055130	6.052083947222
2451352.500000000000	0.029359821077	0.863048470495	2.009652321001	186.022250026454	337.268016951093	2451361.708198800217	6.053177004748
2451359.500000000000	0.029403477904	0.863195019146	2.007947603021	186.051935515397	337.228960308435	2451361.708932297770	6.039700824087
2451360.500000000000	0.023143924372	0.849885733655	2.029151009660	191.787956218840	338.689642739278	2451361.712225990836	8.648842296953
2451361.500000000000	0.023200848448	0.850231653382	2.029127313184	191.781166030291	338.690433497832	2451361.712216651998	8.617031482966
2451397.500000000000	0.023000000246	0.847807300768	2.008503806404	192.063130861458	338.547299069639	2451402.959061610047	8.730150275940
2451404.500000000000	0.023032230847	0.848129405038	2.008047155103	192.177856828271	338.533522657556	2451402.958321949933	8.711831629589
2451405.500000000000	0.019969558933	0.844125358767	2.115986027883	189.690367566570	335.865346600265	2451402.960092030000	10.790977111506
2451406.500000000000	0.019978173361	0.844077140829	2.115951311006	189.710795061563	335.865907907676	2451402.959908415098	10.783998390148
2451430.500000000000	0.019975983264	0.843573985178	2.108684896830	189.765482588229	335.819006076708	2451436.331264722161	10.785771918241
2451437.500000000000	0.020012690731	0.843694779402	2.108071343234	189.781184997617	335.807876599450	2451436.332500127144	10.756110482637
2451438.500000000000	0.017042778364	0.845001613913	2.108767410633	183.234758788977	335.789859040288	2451436.341812413186	13.686830414917
2451439.500000000000	0.017022295730	0.844776045179	2.108628050285	183.217921952479	335.792294450527	2451436.340893357992	13.711541534827
2451455.500000000000	0.017021653330	0.844436097397	2.106134955940	183.174484321491	335.823322211840	2451462.585838998202	13.712317755725
2451462.500000000000	0.017207604307	0.845929850516	2.104838974481	183.128062713519	335.805516631604	2451462.585870815907	13.490649662676
2451463.500000000000	0.024736650868	0.891334603736	2.205047797883	184.952265279481	337.518924971878	2451462.597715811804	7.827122505959
2451464.500000000000	0.024746127357	0.891381446199	2.205029200384	184.951715665213	337.519477048295	2451462.597815167159	7.822626860695
2451500.500000000000	0.024739510554	0.890187017052	2.532862321210	184.411480381871	338.075286712675	2451508.589005880058	7.825765417752
2451507.500000000000	0.024755677016	0.890157051315	2.530901042512	184.419313000942	338.047830756963	2451508.589794359170	7.818100855742
2451508.500000000000	0.024536076728	0.889503985242	2.580876887620	188.796700460239	333.911059277392	2451508.590201622806	7.923294507228
2451509.500000000000	0.022201693511	0.878118750172	1.453399169628	226.461169242024	295.330129039615	2451508.586485524196	9.205223254814
2451539.500000000000	0.022186552874	0.877587444855	2.069075671154	211.452985653901	310.313205306487	2451547.657313432079	9.214647660444
2451546.500000000000	0.022186851500	0.877729803919	2.067743635978	211.514598443732	310.252018962486	2451547.654650636017	9.214461622918
2451547.500000000000	0.025963300100	0.893574576641	1.654851957202	186.190425959720	333.729897024172	2451547.648464576807	7.279032201322
2451548.500000000000	0.025905363504	0.893319004222	1.654874640784	186.245966435826	333.742461922876	2451547.648601493798	7.303464866714
2451589.500000000000	0.025954841738	0.892138952138	1.636953017338	186.336083941104	333.614309983701	2451597.023125294130	7.282590711098
2451596.500000000000	0.026006161041	0.892395853124	1.635963282750	186.343151576815	333.595317440027	2451597.022033658810	7.261044679878
2451597.500000000000	0.038477032296	0.926716213839	2.224494808566	184.411551620968	339.437685028455	2451597.035418441985	4.034698888695
2451598.500000000000	0.038350414215	0.926497425397	2.224502789951	184.392074844496	339.437199324751	2451597.035376339220	4.054696870912
2451677.500000000000	0.038399027134	0.923063062427	2.129179241524	184.562480076201	339.174030961570	2451685.719614182133	4.046999478660
2451684.500000000000	0.038441224790	0.923261531745	2.127242270124	184.595508638941	339.149567736855	2451685.718063523993	4.040337606412
2451685.500000000000	0.072816705653	0.956172711181	2.449159381099	156.972204965926	1.469192993448	2451685.703646002803	1.549768895586
2451686.500000000000	0.072346899127	0.955886123903	2.449810715129	157.023619913643	1.465462776918	2451685.703788063023	1.564889217818
2451899.500000000000	0.071883354801	0.948958704495	2.640689130699	158.431436272929	359.330512491031	2451907.634825771209	1.580050524055
2451906.500000000000	0.072350970802	0.949221636571	2.637401563066	158.412743814331	359.311634767667	2451907.636464701034	1.564757119464
2451907.500000000000	0.053892438379	0.933585724982	2.579996420496	200.214854152354	319.495377713482	2451907.644113658927	2.434006477967
2451908.500000000000	0.053907473112	0.933587818618	2.579613508560	200.262385059282	319.489760677928	2451907.644272254780	2.432988286471
2452047.500000000000	0.053724261104	0.935164346302	2.619227485516	199.711258015560	319.590187591258	2452053.232963465154	2.445444460094
2452054.500000000000	0.053595123858	0.935066342234	2.618723267383	199.832375046229	319.571281365793	2452053.231934714131	2.454288215636
2452055.500000000000	0.034296813437	0.915151070199	1.817382016883	163.453659776391	348.253532429931	2452053.233912894037	4.794384094743
2452056.500000000000	0.034233547373	0.915024984163	1.817395761111	163.435172119720	348.252090971710	2452053.233525314834	4.807680784493
2452119.500000000000	0.034122886663	0.916807273320	1.875270731229	164.600717064316	346.906822980538	2452127.706120792776	4.831086738384
2452126.500000000000	0.034108152917	0.916901590341	1.876091354575	164.621204014002	346.918813382078	2452127.703796683811	4.834217413308
2452127.500000000000	0.034441293816	0.917716037758	1.876140265682	164.611517823001	346.925889450225	2452127.703661021776	4.764247271011
2452128.500000000000	0.032981383819	0.914039674897	3.786888191273	172.596846107764	339.766092877237	2452127.705983997788	5.084054178944
2452191.500000000000	0.032987862435	0.916186397923	3.977430673734	173.140834729027	339.160870072637	2452198.499564342201	5.082556536350
2452198.500000000000	0.034557570110	0.920026979813	3.981085417295	173.176634385341	339.110635984905	2452198.497953318991	4.740222024215
2452199.500000000000	0.039766312530	0.930331849297	2.222860309600	182.581021544998	330.405337547585	2452198.500026057940	3.840082001146
2452200.500000000000	0.039814724434	0.930428402827	2.222872956133	182.580103541964	330.404621635680	2452198.500214559026	3.833080226362
2452284.500000000000	0.039749987318	0.933908657618	2.276841233963	182.525507283553	330.390513876431	2452292.194302026182	3.842447910904
2452291.500000000000	0.039799689255	0.934101903080	2.276885308390	182.534953184639	330.389585837627	2452292.192617339082	3.835252472841
2452292.500000000000	0.083992711438	0.968454554040	1.361498258104	155.589819481210	354.622131775322	2452292.183057731949	1.250982051013
2452293.500000000000	0.082982296217	0.968079323985	1.361627717706	155.550498672395	354.641755399303	2452292.182994844858	1.273899914114
2452575.500000000000	0.082098756599	0.988421225391	1.595345290825	160.317241445880	350.312083233102	2452583.810503261164	1.294519542057
2452582.500000000000	0.082075220259	0.988438512308	1.595733877508	160.343087445273	350.310540429389	2452583.808733699843	1.295076417240
2452583.500000000000	0.082910640446	0.988546670217	1.596359660177	160.314258692857	350.319901463667	2452583.808772113174	1.275551728636
2452584.500000000000	0.086393903755	0.988987604320	1.604281842949	160.436793753895	350.657577183798	2452583.808790702838	1.199192304984
2452896.500000000000	0.085596044538	0.995164014522	1.669910056265	162.523803442268	348.929577951276	2452904.299737519119	1.215998212150
2452903.500000000000	0.085546992050	0.995171214055	1.669236114242	162.533713415095	348.932283725094	2452904.300196123775	1.217044238774
2452904.500000000000	0.086625044713	0.995233074745	1.692011337742	164.607872481273	349.776682951470	2452904.300256120972	1.194395814381
