% Spacecraft       : ISS
% Simulation start : 1998-11-20 00:00
% Simulation end   : 2020-11-11 00:00
% JED = Julian Ephemeris Date
% semi-major axis [au]
% eccentricity [-]
% inclination [degrees]
% argument of perihelion [degrees]
% longitude of ascending node [degrees]
% time of perihelion passage [JED]
% mean motion [degrees/day]
% datetime_jd a e incl w Omega Tp_jd n
%
% Generated via AstroQuery-python interface (JPL HORIZONS database)  
%
269
2451137.500000	0.000044	0.013434	74.735287	80.019535	171.860830	2451137.473797	5780.604131
2451167.500000	0.000045	0.000954	29.998458	9.415960	29.191499	2451167.504976	5596.894947
2451197.500000	0.000045	0.000915	68.809719	111.336095	218.628982	2451197.505428	5607.700346
2451227.500000	0.000045	0.001037	50.426506	67.071948	96.903420	2451227.476867	5607.267983
2451257.500000	0.000045	0.001049	48.663258	148.300429	267.111898	2451257.494171	5607.786464
2451287.500000	0.000045	0.000543	69.787286	61.139439	144.572467	2451287.477097	5611.240673
2451317.500000	0.000045	0.001724	29.454372	96.643742	335.412658	2451317.510390	5615.190954
2451347.500000	0.000045	0.001414	74.512623	67.028964	191.165875	2451347.483249	5606.520327
2451377.500000	0.000045	0.001512	37.030800	76.557522	62.327475	2451377.479414	5614.300014
2451407.500000	0.000045	0.001048	61.825910	177.572561	237.563017	2451407.517955	5621.553171
2451437.500000	0.000045	0.001504	59.026447	10.284389	115.899199	2451437.501849	5620.885975
2451467.500000	0.000045	0.002267	40.259246	133.902204	287.947032	2451467.488976	5624.946246
2451497.500000	0.000045	0.001211	73.432545	131.630394	160.666046	2451497.502608	5639.791587
2451527.500000	0.000045	0.000443	28.236337	45.513130	6.622498	2451527.498389	5627.848640
2451557.500000	0.000045	0.001552	72.190188	127.548403	205.987161	2451557.487059	5623.644534
2451587.500000	0.000045	0.001835	43.425580	98.785020	80.478324	2451587.494970	5632.746012
2451617.500000	0.000045	0.000984	56.336944	68.235607	250.127853	2451617.503341	5643.193419
2451647.500000	0.000045	0.002201	63.513415	51.989976	126.634338	2451647.529069	5671.927885
2451677.500000	0.000045	0.001241	36.410466	164.319611	299.679064	2451677.470821	5682.563070
2451707.500000	0.000045	0.000882	74.411183	70.059587	168.246787	2451707.499773	5639.426530
2451737.500000	0.000045	0.000625	29.094070	126.013319	21.422271	2451737.507266	5646.939446
2451767.500000	0.000045	0.001124	70.608628	217.391389	212.319441	2451767.523154	5660.883628
2451797.500000	0.000045	0.001958	46.141329	28.095077	87.153200	2451797.487301	5652.116262
2451827.500000	0.000045	0.001199	53.307053	91.559760	256.667833	2451827.528995	5632.930785
2451857.500000	0.000045	0.001341	66.549693	129.237051	134.586174	2451857.491530	5616.228982
2451887.500000	0.000045	0.001299	32.343944	149.235411	316.104439	2451887.474150	5638.576744
2451917.500000	0.000045	0.001016	75.021310	353.005519	179.372063	2451917.504197	5639.578215
2451947.500000	0.000045	0.002088	31.794646	40.654341	40.821263	2451947.510970	5645.792996
2451977.500000	0.000045	0.000902	67.222322	139.152941	223.398878	2451977.479258	5631.727883
2452007.500000	0.000045	0.001005	52.336289	142.286032	101.109911	2452007.497281	5617.404556
2452037.500000	0.000045	0.001987	46.904213	66.426060	271.043931	2452037.513353	5610.875845
2452067.500000	0.000045	0.001912	70.640580	101.350028	147.815758	2452067.502184	5626.547873
2452097.500000	0.000045	0.000531	28.895488	238.921273	340.964448	2452097.516858	5629.309180
2452127.500000	0.000045	0.000922	74.240897	25.537954	193.959773	2452127.511921	5609.258563
2452157.500000	0.000045	0.001980	38.533061	74.138243	66.844630	2452157.488476	5601.043023
2452187.500000	0.000045	0.001052	60.334203	168.355801	241.195888	2452187.486985	5617.425490
2452217.500000	0.000045	0.000607	60.971235	169.628906	120.209922	2452217.501528	5606.212108
2452247.500000	0.000045	0.001267	38.022140	84.434633	294.550988	2452247.493770	5634.038130
2452277.500000	0.000045	0.001143	74.304564	39.513501	166.359206	2452277.510463	5615.176036
2452307.500000	0.000045	0.001649	29.108869	22.293579	20.485334	2452307.507570	5606.738631
2452337.500000	0.000045	0.001434	70.392276	143.548295	213.422252	2452337.484344	5619.573364
2452367.500000	0.000045	0.001066	47.758055	19.374445	90.742360	2452367.530959	5616.407915
2452397.500000	0.000045	0.001791	51.374874	85.525910	261.065689	2452397.530163	5615.432436
2452427.500000	0.000045	0.001295	68.153784	103.615678	139.118107	2452427.530576	5617.253710
2452457.500000	0.000045	0.000468	30.710939	3.623944	325.878815	2452457.504818	5608.619162
2452487.500000	0.000045	0.001406	74.911218	60.062614	186.385075	2452487.515243	5610.163282
2452517.500000	0.000045	0.001611	35.248030	161.564874	55.858325	2452517.494750	5608.870818
2452547.500000	0.000045	0.001148	63.483615	34.409085	233.548774	2452547.516177	5623.655326
2452577.500000	0.000045	0.002338	57.524068	66.653285	112.410637	2452577.526793	5609.287843
2452607.500000	0.000045	0.001664	41.379960	160.098804	284.845711	2452607.473396	5616.834054
2452637.500000	0.000045	0.001030	73.338435	44.138823	159.768864	2452637.486563	5610.323939
2452667.500000	0.000045	0.001642	28.304745	79.720468	7.223442	2452667.491180	5615.301852
2452697.500000	0.000045	0.001225	71.969650	199.318243	207.163569	2452697.501940	5603.624795
2452727.500000	0.000045	0.000986	44.688588	60.323467	83.422059	2452727.482450	5605.796457
2452757.500000	0.000045	0.001895	54.394292	121.774312	254.469336	2452757.488935	5605.897423
2452787.500000	0.000045	0.001803	66.080103	119.730593	133.058152	2452787.493633	5606.267111
2452817.500000	0.000045	0.000753	32.637758	38.173224	314.993581	2452817.525230	5617.599711
2452847.500000	0.000045	0.002229	75.084082	64.747755	179.900966	2452847.507316	5612.735829
2452877.500000	0.000045	0.001549	32.540148	84.888581	44.499632	2452877.473360	5627.751754
2452907.500000	0.000045	0.000682	66.321068	64.322717	226.089750	2452907.528294	5628.683589
2452937.500000	0.000045	0.002096	53.707653	50.294111	104.017886	2452937.531871	5632.406737
2452967.500000	0.000045	0.001327	45.781805	162.719807	273.768127	2452967.513280	5634.826395
2452997.500000	0.000045	0.000983	71.136535	36.054833	149.330736	2452997.504391	5631.892842
2453027.500000	0.000045	0.001218	28.765699	106.031741	343.168822	2453027.504182	5644.183908
2453057.500000	0.000045	0.001019	74.237733	172.746671	193.999447	2453057.492549	5637.508662
2453087.500000	0.000045	0.001522	37.763849	332.161500	64.460720	2453087.500383	5633.490478
2453117.500000	0.000045	0.002232	61.696685	90.508702	237.879739	2453117.468349	5650.896733
2453147.500000	0.000045	0.001737	58.675025	67.638851	115.006311	2453147.472041	5651.495020
2453177.500000	0.000045	0.000258	41.037450	76.384363	285.778465	2453177.531241	5649.890722
2453207.500000	0.000045	0.001399	73.067042	71.707254	158.273571	2453207.525912	5655.798268
2453237.500000	0.000045	0.001161	28.176068	94.437074	359.849481	2453237.497753	5658.866628
2453267.500000	0.000045	0.001755	73.085967	152.146092	201.703392	2453267.493691	5643.260804
2453297.500000	0.000045	0.001234	41.181685	143.738529	74.406466	2453297.499367	5641.141224
2453327.500000	0.000045	0.000890	58.699664	105.772286	244.861905	2453327.523178	5653.858498
2453357.500000	0.000045	0.001850	61.597018	85.974176	121.659550	2453357.492028	5651.337548
2453387.500000	0.000045	0.001561	38.242615	69.892112	293.903719	2453387.484167	5651.461382
2453417.500000	0.000045	0.002136	74.024393	97.585065	164.231453	2453417.530182	5659.858078
2453447.500000	0.000045	0.000260	28.501240	149.561876	12.191443	2453447.510819	5662.580082
2453477.500000	0.000045	0.001304	71.869530	90.727627	207.483170	2453477.524581	5660.003939
2453507.500000	0.000045	0.001044	43.769057	71.997979	81.147626	2453507.478214	5657.892281
2453537.500000	0.000045	0.000389	56.417252	88.317355	249.973547	2453537.469777	5663.497482
2453567.500000	0.000045	0.001476	63.515918	60.168812	126.385456	2453567.471052	5662.974291
2453597.500000	0.000045	0.000959	36.153296	171.942585	300.829684	2453597.492247	5650.316902
2453627.500000	0.000045	0.001102	74.567654	124.419823	168.707990	2453627.489845	5654.463387
2453657.500000	0.000045	0.000677	29.050520	86.401581	19.905092	2453657.524309	5665.495148
2453687.500000	0.000045	0.000730	71.110213	162.403198	210.728772	2453687.496998	5652.506257
2453717.500000	0.000045	0.001130	45.288265	52.612156	84.806900	2453717.480387	5655.686009
2453747.500000	0.000045	0.001329	55.101636	154.422106	252.884572	2453747.528542	5663.323223
2453777.500000	0.000045	0.000984	64.528744	157.361982	128.847722	2453777.500055	5660.466421
2453807.500000	0.000045	0.001740	35.278697	74.921459	303.941412	2453807.503258	5663.343882
2453837.500000	0.000045	0.002118	74.673269	99.538448	170.299679	2453837.530097	5675.494284
2453867.500000	0.000045	0.001726	29.245362	119.017321	22.357849	2453867.473951	5677.371183
2453897.500000	0.000045	0.000852	70.820706	81.781361	211.640816	2453897.525566	5679.902262
2453927.500000	0.000045	0.001594	45.387094	48.526685	85.119876	2453927.522089	5674.284251
2453957.500000	0.000045	0.001535	55.202571	139.478264	252.637529	2453957.514175	5671.191202
2453987.500000	0.000045	0.000533	64.255436	315.382283	128.270359	2453987.484151	5677.645958
2454017.500000	0.000045	0.002298	35.680007	98.898730	302.361125	2454017.490647	5677.971199
2454047.500000	0.000045	0.001837	74.541123	145.201604	168.810570	2454047.473607	5683.428383
2454077.500000	0.000045	0.001626	28.944202	292.921277	18.543342	2454077.518394	5664.846954
2454107.500000	0.000045	0.003783	71.335362	86.991019	209.605946	2454107.529674	5683.544595
2454137.500000	0.000045	0.002209	44.248400	136.411758	82.400128	2454137.513257	5687.548186
2454167.500000	0.000045	0.000947	56.462057	337.481538	249.829544	2454167.483139	5683.810759
2454197.500000	0.000045	0.002464	63.030180	13.677749	125.096872	2454197.509468	5675.663361
2454227.500000	0.000045	0.002116	37.200577	154.775279	297.088607	2454227.471165	5684.334987
2454257.500000	0.000045	0.000627	74.158760	182.115294	165.089098	2454257.500008	5673.523638
2454287.500000	0.000045	0.001730	28.439877	50.774995	10.867268	2454287.487955	5685.258019
2454317.500000	0.000045	0.000427	72.307814	99.060650	205.549971	2454317.515998	5665.876925
2454347.500000	0.000045	0.000396	42.391596	9.424417	77.667974	2454347.495946	5679.010047
2454377.500000	0.000045	0.001544	58.066571	112.989598	246.257236	2454377.490279	5669.256014
2454407.500000	0.000045	0.001598	61.816580	89.451516	122.142140	2454407.493215	5667.814133
2454437.500000	0.000045	0.000807	38.334730	97.325722	293.538290	2454437.471040	5678.836861
2454467.500000	0.000045	0.000469	73.786321	39.343460	162.594088	2454467.491566	5688.532656
2454497.500000	0.000045	0.000825	28.286416	29.144514	6.068989	2454497.512229	5676.738708
2454527.500000	0.000045	0.001455	72.785984	152.606027	203.250031	2454527.493367	5664.572056
2454557.500000	0.000045	0.001378	41.281505	45.297397	74.722274	2454557.531638	5682.682951
2454587.500000	0.000045	0.001660	59.133514	144.784290	243.849042	2454587.512893	5672.538328
2454617.500000	0.000045	0.000507	60.729635	358.440428	119.633978	2454617.483607	5679.135258
2454647.500000	0.000045	0.000571	39.495106	133.279575	290.148848	2454647.489092	5662.015122
2454677.500000	0.000045	0.001441	73.519034	49.819128	160.724411	2454677.501547	5662.631918
2454707.500000	0.000045	0.002073	28.263980	55.594875	4.456722	2454707.507743	5651.115132
2454737.500000	0.000045	0.000853	72.745392	92.292757	203.449126	2454737.516419	5652.518003
2454767.500000	0.000045	0.000890	41.766481	351.138855	75.893186	2454767.505664	5653.562975
2454797.500000	0.000045	0.001783	58.344961	66.046001	245.677977	2454797.507956	5649.582928
2454827.500000	0.000045	0.001909	61.861840	91.931980	122.293668	2454827.468716	5662.855439
2454857.500000	0.000045	0.000167	37.875707	299.698017	295.027563	2454857.512197	5648.275686
2454887.500000	0.000045	0.001965	74.127606	74.602599	164.930176	2454887.506070	5655.914001
2454917.500000	0.000045	0.001508	28.570209	131.647470	13.172301	2454917.469607	5658.688080
2454947.500000	0.000045	0.000473	71.790417	109.543098	207.715693	2454947.529678	5666.231678
2454977.500000	0.000045	0.001573	43.796224	13.671603	81.125911	2454977.512136	5657.533278
2455007.500000	0.000045	0.001052	56.492232	136.949981	249.706090	2455007.499397	5671.137970
2455037.500000	0.000045	0.000061	63.316842	144.242502	125.800992	2455037.474275	5666.076108
2455067.500000	0.000045	0.001413	36.494011	55.873149	299.438566	2455067.485671	5670.499398
2455097.500000	0.000045	0.002029	74.408369	107.418301	167.431597	2455097.531104	5671.192834
2455127.500000	0.000045	0.000970	28.844583	177.952534	17.092470	2455127.497569	5664.277257
2455157.500000	0.000045	0.001344	71.506977	60.749211	208.956549	2455157.529591	5678.283911
2455187.500000	0.000045	0.001210	44.063702	60.105996	81.786723	2455187.522001	5673.253695
2455217.500000	0.000045	0.001099	56.566723	151.262400	249.587698	2455217.497133	5677.585248
2455247.500000	0.000045	0.001118	63.177686	43.337619	125.379875	2455247.481961	5663.652570
2455277.500000	0.000045	0.001301	36.706116	90.946823	298.837011	2455277.516013	5662.373120
2455307.500000	0.000045	0.000852	74.391105	151.682960	166.970367	2455307.491724	5664.373562
2455337.500000	0.000045	0.001840	28.806420	20.001177	16.453284	2455337.502260	5659.665196
2455367.500000	0.000045	0.001387	71.483375	53.451293	209.081233	2455367.483452	5658.874775
2455397.500000	0.000045	0.001151	44.527236	69.358445	82.981322	2455397.498547	5661.940735
2455427.500000	0.000045	0.000674	55.612726	173.858070	251.712302	2455427.521166	5659.962464
2455457.500000	0.000045	0.001358	64.268341	54.544953	128.214391	2455457.526293	5661.199460
2455487.500000	0.000045	0.001250	35.313367	131.637182	303.743493	2455487.480762	5656.303572
2455517.500000	0.000045	0.000762	74.726665	168.358170	170.631005	2455517.492153	5659.344335
2455547.500000	0.000045	0.001339	29.424730	56.955418	23.926886	2455547.524825	5669.534322
2455577.500000	0.000045	0.000698	70.474829	154.571770	213.003828	2455577.531677	5657.236915
2455607.500000	0.000045	0.000315	46.461700	32.325801	87.561308	2455607.519158	5660.161556
2455637.500000	0.000045	0.001411	53.864811	78.994851	255.560452	2455637.511457	5655.287689
2455667.500000	0.000045	0.001606	65.633628	45.606154	131.687552	2455667.509653	5657.036727
2455697.500000	0.000045	0.000629	34.103666	81.757526	308.430912	2455697.469051	5671.732129
2455727.500000	0.000045	0.000394	74.881548	215.471998	173.204752	2455727.518194	5648.021240
2455757.500000	0.000045	0.001767	30.570910	357.751995	32.850126	2455757.501377	5607.715236
2455787.500000	0.000045	0.002501	68.419581	100.281435	219.891740	2455787.489764	5615.642663
2455817.500000	0.000045	0.001259	50.925951	131.870810	97.693563	2455817.471913	5617.971961
2455847.500000	0.000045	0.000514	48.407883	41.746209	267.656692	2455847.471873	5610.483781
2455877.500000	0.000045	0.003390	69.981505	49.601296	145.005076	2455877.527017	5622.844405
2455907.500000	0.000045	0.003392	29.258276	140.762249	337.333839	2455907.475699	5616.144128
2455937.500000	0.000045	0.001726	74.390054	279.102877	192.526365	2455937.507948	5612.689920
2455967.500000	0.000045	0.002083	37.852479	12.260940	64.608985	2455967.469182	5607.897739
2455997.500000	0.000045	0.002143	60.952167	162.350859	239.603198	2455997.486118	5608.984499
2456027.500000	0.000045	0.000286	60.298561	22.079208	118.564858	2456027.529768	5612.683612
2456057.500000	0.000045	0.000917	38.404638	351.220978	293.228033	2456057.474987	5607.417559
2456087.500000	0.000045	0.002063	74.311543	77.553540	166.309073	2456087.486781	5596.400346
2456117.500000	0.000045	0.001419	29.225113	125.152102	21.639543	2456117.488001	5595.853773
2456147.500000	0.000045	0.001426	69.932311	120.038266	214.940029	2456147.490719	5592.636666
2456177.500000	0.000045	0.002563	49.236886	36.012955	93.889186	2456177.486252	5578.761340
2456207.500000	0.000045	0.003048	49.126299	151.830364	265.938220	2456207.471430	5588.120686
2456237.500000	0.000045	0.000520	70.040205	211.708098	145.111748	2456237.517395	5584.695160
2456267.500000	0.000045	0.001798	29.012990	52.970994	340.274196	2456267.498364	5588.301253
2456297.500000	0.000045	0.002466	74.091334	100.894680	195.223728	2456297.514931	5579.389554
2456327.500000	0.000045	0.000509	39.651223	231.783763	69.967030	2456327.485052	5581.135463
2456357.500000	0.000045	0.002039	58.729412	44.161564	244.756158	2456357.502648	5581.259447
2456387.500000	0.000045	0.002311	62.992432	59.727557	124.893550	2456387.511306	5581.088593
2456417.500000	0.000045	0.000568	35.246763	63.916512	304.027925	2456417.505887	5578.618085
2456447.500000	0.000045	0.001101	74.988966	59.827125	174.747094	2456447.474613	5577.350432
2456477.500000	0.000045	0.001984	31.593763	68.512405	39.103701	2456477.512323	5575.385555
2456507.500000	0.000045	0.000870	66.643452	113.561643	225.142273	2456507.491604	5578.826023
2456537.500000	0.000045	0.001391	54.409211	61.008342	105.355359	2456537.529013	5586.212614
2456567.500000	0.000045	0.000572	43.878228	132.615672	278.270629	2456567.502839	5588.805909
2456597.500000	0.000045	0.001565	72.685578	100.131071	155.920828	2456597.491645	5572.823378
2456627.500000	0.000045	0.001379	28.218881	103.005881	2.857422	2456627.531088	5587.210722
2456657.500000	0.000045	0.000325	72.026956	83.175553	206.640178	2456657.499974	5585.229515
2456687.500000	0.000045	0.001195	45.333593	97.039066	84.784339	2456687.488409	5571.929629
2456717.500000	0.000045	0.000508	53.053381	85.716157	257.295424	2456717.513790	5576.855236
2456747.500000	0.000045	0.000504	67.609699	116.758299	137.216338	2456747.489449	5575.281999
2456777.500000	0.000045	0.000715	30.780595	40.767964	325.420281	2456777.507690	5572.901454
2456807.500000	0.000045	0.001065	74.803167	58.569906	187.697219	2456807.489762	5586.470710
2456837.500000	0.000045	0.001380	36.402392	96.079091	59.862951	2456837.469812	5585.917553
2456867.500000	0.000045	0.000109	61.643923	326.875115	237.896101	2456867.476387	5587.165102
2456897.500000	0.000045	0.001005	60.287023	42.369747	118.483749	2456897.471961	5579.759186
2456927.500000	0.000045	0.001450	37.855130	94.308058	295.053884	2456927.509388	5575.417683
2456957.500000	0.000045	0.000562	74.564113	141.402246	168.604440	2456957.491059	5576.570150
2456987.500000	0.000045	0.001385	29.877869	79.616399	27.813594	2456987.505764	5588.792264
2457017.500000	0.000045	0.001505	68.794370	132.391524	218.697126	2457017.513947	5586.992310
2457047.500000	0.000045	0.000754	51.006708	10.766347	97.827572	2457047.484481	5594.289513
2457077.500000	0.000045	0.001873	47.746887	77.554712	269.144191	2457077.507573	5590.636304
2457107.500000	0.000045	0.001640	70.608309	107.191740	147.166663	2457107.468146	5601.697660
2457137.500000	0.000045	0.000659	28.800617	140.563609	342.886058	2457137.470239	5605.100752
2457167.500000	0.000045	0.000493	73.988900	56.288130	195.814040	2457167.515886	5596.917703
2457197.500000	0.000045	0.001713	39.646108	69.777404	70.048073	2457197.531607	5605.039401
2457227.500000	0.000045	0.001073	58.899272	94.185542	244.252757	2457227.467932	5603.236983
2457257.500000	0.000045	0.001117	62.605444	110.125467	123.909208	2457257.490241	5591.749979
2457287.500000	0.000045	0.000712	35.831791	49.601803	301.722400	2457287.483223	5598.262503
2457317.500000	0.000045	0.001150	74.865959	65.266096	172.575066	2457317.518636	5593.313296
2457347.500000	0.000045	0.001270	30.718914	83.652688	33.950295	2457347.474853	5602.473419
2457377.500000	0.000045	0.000739	67.901810	72.770755	221.430730	2457377.484503	5595.715496
2457407.500000	0.000045	0.000955	52.215939	50.128112	100.525390	2457407.502018	5601.258449
2457437.500000	0.000045	0.001144	46.516657	152.048034	271.907059	2457437.530906	5596.010392
2457467.500000	0.000045	0.001217	71.295226	79.093004	149.746524	2457467.489998	5590.997485
2457497.500000	0.000045	0.001445	28.484954	56.024076	348.650077	2457497.507940	5587.554648
2457527.500000	0.000045	0.001090	73.510957	85.737846	198.928769	2457527.471221	5599.209371
2457557.500000	0.000045	0.001100	41.159548	48.075421	74.212183	2457557.490335	5596.811007
2457587.500000	0.000045	0.001501	57.426100	107.058279	247.605264	2457587.508314	5593.689244
2457617.500000	0.000045	0.000758	63.912687	87.442797	127.192158	2457617.527885	5597.483264
2457647.500000	0.000045	0.000493	34.456658	157.370177	307.041146	2457647.490670	5585.982910
2457677.500000	0.000045	0.001996	75.041257	60.383073	176.077755	2457677.509360	5587.597285
2457707.500000	0.000045	0.001302	31.826250	150.298201	40.352298	2457707.495797	5585.858966
2457737.500000	0.000045	0.001377	66.627466	36.780281	225.177486	2457737.504468	5586.344894
2457767.500000	0.000045	0.001944	54.145672	80.669795	104.662654	2457767.489219	5586.997701
2457797.500000	0.000045	0.001167	44.543421	122.683606	276.683853	2457797.513782	5588.665096
2457827.500000	0.000045	0.000545	72.216833	356.659685	153.759070	2457827.524609	5596.291425
2457857.500000	0.000045	0.000978	28.206573	84.224852	356.866291	2457857.501400	5600.530015
2457887.500000	0.000045	0.001724	72.773325	112.859280	202.987959	2457887.471158	5600.974569
2457917.500000	0.000045	0.000243	43.178541	189.497595	79.548823	2457917.524519	5600.956074
2457947.500000	0.000045	0.001786	55.406692	106.424385	251.987349	2457947.528951	5601.637797
2457977.500000	0.000045	0.001265	65.592551	68.887008	131.588216	2457977.494530	5597.569601
2458007.500000	0.000045	0.000210	32.769935	153.399232	314.278970	2458007.531222	5593.691572
2458037.500000	0.000045	0.001368	75.091085	92.103055	180.544227	2458037.488333	5589.215294
2458067.500000	0.000045	0.001507	33.349470	38.147915	47.818128	2458067.510703	5586.820115
2458097.500000	0.000045	0.000890	65.028079	182.792258	229.491455	2458097.492884	5588.546806
2458127.500000	0.000045	0.001137	56.171261	52.012402	109.158477	2458127.506288	5594.828675
2458157.500000	0.000045	0.001583	42.415445	106.156962	281.925784	2458157.469138	5599.591725
2458187.500000	0.000045	0.000447	73.061527	124.632740	158.053610	2458187.508630	5601.889276
2458217.500000	0.000045	0.001190	28.264484	95.097054	5.733565	2458217.530524	5600.658178
2458247.500000	0.000045	0.001428	71.884491	88.534468	207.247152	2458247.489832	5595.348453
2458277.500000	0.000045	0.000536	45.282272	74.259659	84.650607	2458277.524502	5591.142613
2458307.500000	0.000045	0.001069	53.408400	148.491061	256.449481	2458307.492581	5588.071891
2458337.500000	0.000045	0.001127	67.151437	19.013382	135.849766	2458337.511665	5588.487851
2458367.500000	0.000045	0.001784	31.335917	122.878324	321.818824	2458367.493142	5591.540599
2458397.500000	0.000045	0.000705	74.955535	134.083043	184.990447	2458397.469177	5595.828996
2458427.500000	0.000045	0.000987	35.051518	14.197049	54.959883	2458427.487262	5599.041605
2458457.500000	0.000045	0.001731	63.249431	132.738887	233.929554	2458457.531492	5599.280063
2458487.500000	0.000045	0.000443	58.236264	34.044703	113.780665	2458487.490752	5597.863850
2458517.500000	0.000045	0.001154	40.183252	72.451968	287.961703	2458517.529448	5594.390393
2458547.500000	0.000045	0.000871	73.882070	56.065224	162.894613	2458547.517004	5585.757988
2458577.500000	0.000045	0.001363	28.796401	56.033619	16.193445	2458577.509857	5581.277183
2458607.500000	0.000045	0.001195	70.531325	100.667367	212.682213	2458607.508568	5586.692070
2458637.500000	0.000045	0.001903	48.164688	15.219024	91.351700	2458637.504686	5577.813188
2458667.500000	0.000045	0.002221	50.299706	122.355017	263.217440	2458667.469815	5590.954046
2458697.500000	0.000045	0.000476	69.329080	99.358762	142.627687	2458697.499840	5587.105304
2458727.500000	0.000045	0.000908	29.431436	72.405131	335.646125	2458727.521230	5584.085116
2458757.500000	0.000045	0.001103	74.296887	115.224938	193.131057	2458757.505086	5586.752384
2458787.500000	0.000045	0.000785	38.883926	143.012694	67.662911	2458787.492715	5576.868498
2458817.500000	0.000045	0.000936	59.283215	37.764532	243.381693	2458817.507152	5575.892695
2458847.500000	0.000045	0.000762	62.620134	64.049449	123.991881	2458847.500288	5584.981303
2458877.500000	0.000045	0.001173	35.380964	142.171198	303.358698	2458877.495764	5574.696799
2458907.500000	0.000045	0.000986	74.986078	96.470591	174.565175	2458907.488972	5570.760349
2458937.500000	0.000045	0.001553	31.646047	95.914868	39.322221	2458937.488795	5568.162431
2458967.500000	0.000045	0.001399	66.516592	151.822901	225.449237	2458967.493016	5570.051903
2458997.500000	0.000045	0.000441	54.697081	63.604201	105.852147	2458997.478756	5574.050997
2459027.500000	0.000045	0.001679	43.528933	113.312731	279.049972	2459027.468268	5584.395571
2459057.500000	0.000045	0.000849	72.807637	103.269617	156.571203	2459057.529928	5579.381685
2459087.500000	0.000045	0.000680	28.267259	52.248614	4.606462	2459087.515123	5572.660454
2459117.500000	0.000045	0.000810	71.808861	61.752725	207.633202	2459117.512083	5569.331827
2459147.500000	0.000045	0.001255	45.949812	13.087830	86.175026	2459147.508823	5569.752963
2459177.500000	0.000045	0.001578	52.334629	100.063345	258.781422	2459177.508368	5570.974667
